[gd_scene load_steps=29 format=3 uid="uid://budamopkpnsxy"]

[ext_resource type="PackedScene" uid="uid://c72qy1j8ku0b1" path="res://models/kenney_castle-kit/Models/GLB format/door.glb" id="1_dmg1w"]
[ext_resource type="PackedScene" uid="uid://ukbab3j12ei7" path="res://models/kenney_castle-kit/Models/GLB format/tower-top.glb" id="2_bvkh7"]
[ext_resource type="PackedScene" uid="uid://co84wbrg3j8eh" path="res://models/kenney_castle-kit/Models/GLB format/siege-catapult.glb" id="3_kcrnp"]
[ext_resource type="PackedScene" uid="uid://blipbbxbbvy6" path="res://models/kenney_castle-kit/Models/GLB format/ground-hills.glb" id="3_lt46v"]
[ext_resource type="PackedScene" uid="uid://bst2ub21khayk" path="res://models/kenney_castle-kit/Models/GLB format/ground.glb" id="4_ar7cb"]
[ext_resource type="PackedScene" uid="uid://cqegsy0jt1x5k" path="res://models/kenney_castle-kit/Models/GLB format/metal-gate.glb" id="5_vlxiu"]
[ext_resource type="PackedScene" uid="uid://bheptiaeqp1ae" path="res://models/kenney_castle-kit/Models/GLB format/rocks-large.glb" id="6_jvpr7"]
[ext_resource type="PackedScene" uid="uid://cc12fit2e3oe8" path="res://models/kenney_castle-kit/Models/GLB format/rocks-small.glb" id="7_bvkh7"]
[ext_resource type="PackedScene" uid="uid://ch13edksouxk0" path="res://models/kenney_castle-kit/Models/GLB format/tower-hexagon-base.glb" id="9_8rdjq"]
[ext_resource type="PackedScene" uid="uid://bnk7k45t6xpq0" path="res://models/kenney_castle-kit/Models/GLB format/stairs-stone-square.glb" id="9_kcrnp"]
[ext_resource type="PackedScene" uid="uid://c0noq3qd10qex" path="res://models/kenney_castle-kit/Models/GLB format/tower-hexagon-mid.glb" id="10_4mdkb"]
[ext_resource type="PackedScene" uid="uid://bqgr6ice4cinc" path="res://models/kenney_castle-kit/Models/GLB format/tower-hexagon-roof-secondary.glb" id="11_d5q3b"]
[ext_resource type="PackedScene" uid="uid://bggimyqi63rxw" path="res://models/kenney_castle-kit/Models/GLB format/tower-hexagon-top-wood.glb" id="12_x3au4"]
[ext_resource type="PackedScene" uid="uid://b6lu7u43m3pao" path="res://models/kenney_castle-kit/Models/GLB format/tree-large.glb" id="13_nvywk"]
[ext_resource type="PackedScene" uid="uid://nqg54q1h2yqu" path="res://models/kenney_castle-kit/Models/GLB format/tree-small.glb" id="14_1c8nx"]
[ext_resource type="PackedScene" uid="uid://coo07cnj00jyo" path="res://models/kenney_castle-kit/Models/GLB format/tree-trunk.glb" id="15_ab7ru"]
[ext_resource type="PackedScene" uid="uid://84s2nehmsfhr" path="res://models/kenney_castle-kit/Models/GLB format/wall.glb" id="17_53mua"]
[ext_resource type="PackedScene" uid="uid://mj4xyttsc20a" path="res://models/kenney_castle-kit/Models/GLB format/wall-pillar.glb" id="18_vacco"]
[ext_resource type="PackedScene" uid="uid://c7xxni7ty0olu" path="res://models/kenney_castle-kit/Models/GLB format/wall-doorway.glb" id="19_nxi7a"]
[ext_resource type="PackedScene" uid="uid://burjahmnvte6u" path="res://models/kenney_castle-kit/Models/GLB format/flag.glb" id="20_x0jnb"]
[ext_resource type="PackedScene" uid="uid://dy53nffdcg6s5" path="res://models/kenney_castle-kit/Models/GLB format/siege-tower-demolished.glb" id="21_8rdjq"]
[ext_resource type="PackedScene" uid="uid://grc4r1c71r7o" path="res://models/kenney_castle-kit/Models/GLB format/siege-ballista-demolished.glb" id="22_4mdkb"]
[ext_resource type="PackedScene" uid="uid://d33u7bqyutqc2" path="res://models/kenney_castle-kit/Models/GLB format/siege-catapult-demolished.glb" id="23_d5q3b"]
[ext_resource type="PackedScene" uid="uid://3yrig8mkjywi" path="res://models/kenney_castle-kit/Models/GLB format/siege-ram.glb" id="24_x3au4"]
[ext_resource type="PackedScene" uid="uid://djuhlujl0w3mk" path="res://models/kenney_castle-kit/Models/GLB format/siege-ram-demolished.glb" id="25_nvywk"]
[ext_resource type="PackedScene" uid="uid://ch3agqj71h8cd" path="res://models/kenney_castle-kit/Models/GLB format/tower-square.glb" id="26_1c8nx"]

[sub_resource type="StandardMaterial3D" id="StandardMaterial3D_ab7ru"]
blend_mode = 4
albedo_color = Color(0.874118, 0.716586, 0.62347, 1)

[sub_resource type="StandardMaterial3D" id="StandardMaterial3D_fpct5"]
blend_mode = 4
albedo_color = Color(0.889009, 0.664021, 0.403698, 1)

[node name="Scenario" type="Node3D"]

[node name="city_floor" type="Node3D" parent="."]
transform = Transform3D(13.7756, 0, 0, 0, 0.253638, 0, 0, 0, 9.71064, -8.168, 0.032588, 0.453856)

[node name="CSGBox3D" type="CSGBox3D" parent="."]
transform = Transform3D(13.7756, 0, 0, 0, 0.253638, 0, 0, 0, 9.71064, -8.168, 0.032588, 0.453856)
use_collision = true
size = Vector3(0.172729, 1, 2.09485)
material = SubResource("StandardMaterial3D_ab7ru")

[node name="CSGBox3D2" type="CSGBox3D" parent="."]
transform = Transform3D(13.7756, 0, 0, 0, 0.253638, 0, 0, 0, 9.71064, -7.08534, 0.032588, 7.37218)
use_collision = true
size = Vector3(0.172729, 1, 0.669952)
material = SubResource("StandardMaterial3D_ab7ru")

[node name="CSGBox3D3" type="CSGBox3D" parent="."]
transform = Transform3D(9.74082, 0, 6.86646, 0, 0.253638, 0, -9.74082, 0, 6.86646, -7.27336, 0.032588, 3.87981)
use_collision = true
size = Vector3(0.128357, 1, 0.220284)
material = SubResource("StandardMaterial3D_ab7ru")

[node name="CSGBox3D4" type="CSGBox3D" parent="."]
transform = Transform3D(9.74082, 0, -6.86646, 0, 0.253638, 0, 9.74082, 0, 6.86646, -6.35451, 0.0394912, -6.25924)
use_collision = true
size = Vector3(0.174042, 1, 0.37772)
material = SubResource("StandardMaterial3D_ab7ru")

[node name="CSGBox3D5" type="CSGBox3D" parent="."]
transform = Transform3D(9.74082, 0, -6.86646, 0, 0.253638, 0, 9.74082, 0, 6.86646, -2.4572, 0.032588, -8.26434)
use_collision = true
size = Vector3(0.0558777, 1, 0.395891)
material = SubResource("StandardMaterial3D_ab7ru")

[node name="CSGBox3D6" type="CSGBox3D" parent="."]
transform = Transform3D(4.76837e-07, 0, -9.71064, 0, 0.253638, 0, 13.7756, 0, -9.53674e-07, -4.67205, 0.032588, -8.41658)
use_collision = true
size = Vector3(0.209282, 1, 0.550084)
material = SubResource("StandardMaterial3D_ab7ru")

[node name="entrance" type="Node3D" parent="."]
transform = Transform3D(-0.041387, 0, -0.999145, 0, 1, 0, 0.999145, 0, -0.041387, 9.68911, 0.142614, 1.9183)

[node name="metal-gate3" parent="entrance" instance=ExtResource("5_vlxiu")]
transform = Transform3D(-0.0413869, 0, 0.999142, 0, 1, 0, -0.999142, 0, -0.0413869, 0.0285374, -0.0157953, 0.731072)

[node name="tower-top3" parent="entrance" instance=ExtResource("2_bvkh7")]
transform = Transform3D(-0.0413869, 0, 0.999142, 0, 1, 0, -0.999142, 0, -0.0413869, 0.00116944, -0.0137038, 0.00904083)

[node name="siege-catapult2" parent="entrance" instance=ExtResource("3_kcrnp")]
transform = Transform3D(0.0294867, 0, -0.635961, 0, 0.733655, 0, 0.711855, 0, 0.026343, -1.20942, 0.097147, 1.06535)

[node name="entrance2" type="Node3D" parent="."]
transform = Transform3D(-0.041387, 0, -0.999145, 0, 1, 0, 0.999145, 0, -0.041387, 9.68911, 0.142614, -0.613472)

[node name="metal-gate3" parent="entrance2" instance=ExtResource("5_vlxiu")]
transform = Transform3D(-0.0413869, 0, 0.999142, 0, 1, 0, -0.999142, 0, -0.0413869, 0.0285374, -0.0157953, 0.731072)

[node name="tower-top3" parent="entrance2" instance=ExtResource("2_bvkh7")]
transform = Transform3D(-0.0413869, 0, 0.999142, 0, 1, 0, -0.999142, 0, -0.0413869, 0.00116944, -0.0137038, 0.00904083)

[node name="entrance3" type="Node3D" parent="."]
transform = Transform3D(-0.041387, 0, -0.999145, 0, 1, 0, 0.999145, 0, -0.041387, 9.68911, 0.142614, -4.04537)

[node name="metal-gate3" parent="entrance3" instance=ExtResource("5_vlxiu")]
transform = Transform3D(-0.0413869, 0, 0.999142, 0, 1, 0, -0.999142, 0, -0.0413869, 0.0285374, -0.0157953, 0.731072)

[node name="tower-top3" parent="entrance3" instance=ExtResource("2_bvkh7")]
transform = Transform3D(-0.0413869, 0, 0.999142, 0, 1, 0, -0.999142, 0, -0.0413869, 0.00116944, -0.0137038, 0.00904083)

[node name="entrance4" type="Node3D" parent="."]
transform = Transform3D(-0.041387, 0, -0.999145, 0, 1, 0, 0.999145, 0, -0.041387, 9.68911, 0.142614, -7.97276)

[node name="metal-gate3" parent="entrance4" instance=ExtResource("5_vlxiu")]
transform = Transform3D(-0.0413869, 0, 0.999142, 0, 1, 0, -0.999142, 0, -0.0413869, 0.0285374, -0.0157953, 0.731072)

[node name="tower-top3" parent="entrance4" instance=ExtResource("2_bvkh7")]
transform = Transform3D(-0.0413869, 0, 0.999142, 0, 1, 0, -0.999142, 0, -0.0413869, 0.00116944, -0.0137038, 0.00904083)

[node name="entrance5" type="Node3D" parent="."]
transform = Transform3D(-0.041387, 0, -0.999145, 0, 1, 0, 0.999145, 0, -0.041387, 9.68911, 0.142614, 7.81152)

[node name="metal-gate3" parent="entrance5" instance=ExtResource("5_vlxiu")]
transform = Transform3D(-0.0413869, 0, 0.999142, 0, 1, 0, -0.999142, 0, -0.0413869, 0.0285374, -0.0157953, 0.731072)

[node name="tower-top3" parent="entrance5" instance=ExtResource("2_bvkh7")]
transform = Transform3D(-0.0413869, 0, 0.999142, 0, 1, 0, -0.999142, 0, -0.0413869, 0.00116944, -0.0137038, 0.00904083)

[node name="entrance6" type="Node3D" parent="."]
transform = Transform3D(-0.999145, 0, 0.041387, 0, 1, 0, -0.041387, 0, -0.999145, -2.6099, 0.142615, 9.63183)

[node name="metal-gate3" parent="entrance6" instance=ExtResource("5_vlxiu")]
transform = Transform3D(-0.0413869, 0, 0.999142, 0, 1, 0, -0.999142, 0, -0.0413869, 0.0285374, -0.0157953, 0.731072)

[node name="tower-top3" parent="entrance6" instance=ExtResource("2_bvkh7")]
transform = Transform3D(-0.0413869, 0, 0.999142, 0, 1, 0, -0.999142, 0, -0.0413869, 0.00116944, -0.0137038, 0.00904083)

[node name="door2" parent="." instance=ExtResource("1_dmg1w")]
transform = Transform3D(1, 0, 0, 0, 1.04776, 0, 0, 0, 1.1355, -6.69085, 0.126819, 0.829098)

[node name="groundhills" type="Node3D" parent="."]
transform = Transform3D(-11.229, -0.0103036, -0.00656655, -0.0237446, 4.87081, -0.000118199, 0.0798786, -0.000550402, -0.92314, 5.78493, 0.126819, 10.7713)

[node name="ground-hills10" parent="groundhills" instance=ExtResource("3_lt46v")]
transform = Transform3D(1, 6.30962e-11, 0, -1.39153e-10, 1, 1.81899e-12, 7.45058e-09, -5.82077e-11, 1, 0, 0, 0)

[node name="ground-hills8" parent="groundhills" instance=ExtResource("3_lt46v")]
transform = Transform3D(1, 6.30962e-11, 0, -1.39153e-10, 1, 1.81899e-12, 7.45058e-09, -5.82077e-11, 1, -0.0129462, 0.000474099, 22.1377)

[node name="ground-hills2" parent="groundhills" instance=ExtResource("3_lt46v")]
transform = Transform3D(-0.252698, -0.00129911, 0.00176313, -0.0012324, 1.41639, -6.45667e-05, -0.021865, -0.0009569, -3.0149, -0.31085, -0.00107765, 18.0351)

[node name="ground-hills3" parent="groundhills" instance=ExtResource("3_lt46v")]
transform = Transform3D(-0.00798808, -0.00129911, 0.128348, -8.54478e-05, 1.41639, 0.000623758, -1.91649, -0.0009569, -0.0791547, -0.365623, -0.00144328, 13.9696)

[node name="ground-hills4" parent="groundhills" instance=ExtResource("3_lt46v")]
transform = Transform3D(-0.0539854, -0.000917194, -0.151315, -0.000213296, 0.999998, -0.000751913, 2.05534, -0.00067559, -0.588066, -0.347419, -0.00134457, 14.384)

[node name="ground-hills5" parent="groundhills" instance=ExtResource("3_lt46v")]
transform = Transform3D(-0.0102266, -0.000917194, -0.0824587, 0.000478142, 0.999998, -0.000402115, 21.758, -0.00067559, -0.00573444, -0.471491, -0.00203224, 10.9704)

[node name="ground-hills6" parent="groundhills" instance=ExtResource("3_lt46v")]
transform = Transform3D(-1.78875, -0.000917194, 1.95381e-05, -0.00872008, 0.999998, -2.42453e-05, -0.00514875, -0.00067559, -1.00304, 0.43234, 0.00264575, 22.1763)

[node name="ground-hills7" parent="groundhills" instance=ExtResource("3_lt46v")]
transform = Transform3D(1, 6.30962e-11, 0, -1.39153e-10, 1, 1.81899e-12, 7.45058e-09, -5.82077e-11, 1, -0.0129462, 0.000474099, 22.1377)

[node name="ground-hills9" parent="groundhills" instance=ExtResource("3_lt46v")]
transform = Transform3D(-1.78875, -0.000917194, 1.95381e-05, -0.00872008, 0.999998, -2.42453e-05, -0.00514875, -0.00067559, -1.00304, 0.445286, 0.00217165, 0.0385294)

[node name="ground2" parent="." instance=ExtResource("4_ar7cb")]
transform = Transform3D(20, 0, 0, 0, 1.065, 0, 0, 0, 20, 0.599527, 0.126819, 0.677899)

[node name="rocks-large2" parent="." instance=ExtResource("6_jvpr7")]
transform = Transform3D(1, 0, 0, 0, 1, 0, 0, 0, 1, 5.47583, 0.126819, 6.43423)

[node name="rocks-large3" parent="." instance=ExtResource("6_jvpr7")]
transform = Transform3D(0.42486, 0, 1.56819, 0, 2.25946, 0, -1.50513, 0, 0.442659, 4.37815, 0.126819, 5.81832)

[node name="rocks-large4" parent="." instance=ExtResource("6_jvpr7")]
transform = Transform3D(0.788324, 0, -1.40732, 0, 2.25946, 0, 1.35073, 0, 0.82135, 4.01681, 0.135973, 2.74956)

[node name="rocks-large5" parent="." instance=ExtResource("6_jvpr7")]
transform = Transform3D(0.788324, 0, -1.40732, 0, 2.25946, 0, 1.35073, 0, 0.82135, 0.126669, 0.135973, -4.04472)

[node name="rocks-small2" parent="." instance=ExtResource("7_bvkh7")]
transform = Transform3D(1, 0, 0, 0, 1, 0, 0, 0, 1, 5.42024, 0.126819, 4.84173)

[node name="rocks-small3" parent="." instance=ExtResource("7_bvkh7")]
transform = Transform3D(0.698015, 0, -0.716083, 0, 1, 0, 0.716083, 0, 0.698015, 5.45295, 0.126819, 2.23648)

[node name="rocks-small5" parent="." instance=ExtResource("7_bvkh7")]
transform = Transform3D(0.698015, 0, -0.716083, 0, 1, 0, 0.716083, 0, 0.698015, 5.75595, 0.126819, -1.04183)

[node name="rocks-small6" parent="." instance=ExtResource("7_bvkh7")]
transform = Transform3D(0.872343, 0, 0.488895, 0, 1.94666, 0, -0.488895, 0, 0.872343, 6.57462, 0.126819, -1.57904)

[node name="rocks-small7" parent="." instance=ExtResource("7_bvkh7")]
transform = Transform3D(0.999918, 0, -0.012776, 0, 1, 0, 0.012776, 0, 0.999918, 7.43638, 0.126819, -1.84001)

[node name="rocks-small9" parent="." instance=ExtResource("7_bvkh7")]
transform = Transform3D(0.012776, 0, 0.999918, 0, 1, 0, -0.999918, 0, 0.012776, 7.39787, 0.126819, -2.57828)

[node name="rocks-small4" parent="." instance=ExtResource("7_bvkh7")]
transform = Transform3D(0.108121, 0, -0.994138, 0, 1, 0, 0.994138, 0, 0.108121, 4.40994, 0.126819, 4.38157)

[node name="stairs-stone-square2" parent="." instance=ExtResource("9_kcrnp")]
transform = Transform3D(1.45757, 0, 1.70621, 0, 1.91855, 0, -1.45757, 0, 1.70621, -7.76396, 0, 1.64919)

[node name="stairs-stone-square3" parent="." instance=ExtResource("9_kcrnp")]
transform = Transform3D(-2.06131, 0, -1.19209e-07, 0, 1.91855, 0, 0, 0, -2.41295, -8.00138, 0, -0.6704)

[node name="stairs-stone-square4" parent="." instance=ExtResource("9_kcrnp")]
transform = Transform3D(-2.06131, 0, -1.19209e-07, 0, 1.91855, 0, 0, 0, -2.41295, -8.00138, 0.114142, -0.82978)

[node name="Tower" type="Node3D" parent="."]
transform = Transform3D(1, 0, 0, 0, 1, 0, 0, 0, 1, -7.98119, 0.133521, 6.3036)

[node name="tower-hexagon-base2" parent="Tower" instance=ExtResource("9_8rdjq")]

[node name="tower-hexagon-mid2" parent="Tower" instance=ExtResource("10_4mdkb")]
transform = Transform3D(1.00686, 0, 0, 0, 1.00686, 0, 0, 0, 1.00686, 0.00109416, 1.16273, 0.00039041)

[node name="tower-hexagon-roof-secondary2" parent="Tower" instance=ExtResource("11_d5q3b")]
transform = Transform3D(0.98, 0, 0, 0, 0.98, 0, 0, 0, 0.98, 0.000798523, 1.47773, 0.00118792)

[node name="tower_environment" type="Node3D" parent="."]
transform = Transform3D(1, 0, 0, 0, 1.15986, 0, 0, 0, 1, -6.50794, 1.66368, 0.00435352)

[node name="tower-hexagon-base3" parent="tower_environment" instance=ExtResource("9_8rdjq")]
transform = Transform3D(1, 0, 0, 0, 1, 0, 0, 0, 1, -0.004807, -1.3233, -0.0194604)

[node name="tower-hexagon-top-wood2" parent="tower_environment" instance=ExtResource("12_x3au4")]
transform = Transform3D(1, 0, 0, 0, 1, 0, 0, 0, 1, -0.000154495, -0.0198855, -0.0410745)

[node name="tower_environment2" type="Node3D" parent="."]
transform = Transform3D(1, 0, 0, 0, 1.15986, 0, 0, 0, 1, -6.61642, 1.66368, 1.69974)

[node name="tower-hexagon-base3" parent="tower_environment2" instance=ExtResource("9_8rdjq")]
transform = Transform3D(1, 0, 0, 0, 1, 0, 0, 0, 1, -0.004807, -1.3233, -0.0194604)

[node name="tower-hexagon-top-wood2" parent="tower_environment2" instance=ExtResource("12_x3au4")]
transform = Transform3D(1, 0, 0, 0, 1, 0, 0, 0, 1, -0.000154495, -0.0198855, -0.0410745)

[node name="tree-large2" parent="." instance=ExtResource("13_nvywk")]
transform = Transform3D(1, 0, 0, 0, 1, 0, 0, 0, 1, 1.42272, 0, -3.86507)

[node name="tree-large12" parent="." instance=ExtResource("13_nvywk")]
transform = Transform3D(1, 0, 0, 0, 1, 0, 0, 0, 1, 5.24491, 0, -7.70065)

[node name="tree-large11" parent="." instance=ExtResource("13_nvywk")]
transform = Transform3D(1, 0, 0, 0, 0.832406, 0, 0, 0, 1, 0.498137, 0, -5.13961)

[node name="tree-large4" parent="." instance=ExtResource("13_nvywk")]
transform = Transform3D(1, 0, 0, 0, 1, 0, 0, 0, 1, -0.578634, 0, 8.74803)

[node name="tree-large5" parent="." instance=ExtResource("13_nvywk")]
transform = Transform3D(0.734043, 0, 0, 0, 0.834418, 0, 0, 0, 0.806944, -1.05986, 0, 7.95554)

[node name="tree-large6" parent="." instance=ExtResource("13_nvywk")]
transform = Transform3D(0.734043, 0, 0, 0, 0.834418, 0, 0, 0, 0.806944, 1.10639, 0, 6.94062)

[node name="tree-large7" parent="." instance=ExtResource("13_nvywk")]
transform = Transform3D(0.734043, 0, 0, 0, 0.834418, 0, 0, 0, 0.806944, 3.12913, 0, 6.77546)

[node name="tree-large8" parent="." instance=ExtResource("13_nvywk")]
transform = Transform3D(0.734043, 0, 0, 0, 0.834418, 0, 0, 0, 0.806944, 7.92064, 0, 8.63583)

[node name="tree-large9" parent="." instance=ExtResource("13_nvywk")]
transform = Transform3D(0.80652, 0, 0, 0, 0.930553, 0, 0, 0, 0.911143, 7.11871, 2.38419e-07, 8.79764)

[node name="tree-large10" parent="." instance=ExtResource("13_nvywk")]
transform = Transform3D(0.80652, 0, 0, 0, 0.713595, 0, 0, 0, 0.911143, 7.60239, 2.38419e-07, 9.4914)

[node name="tree-large3" parent="." instance=ExtResource("13_nvywk")]
transform = Transform3D(1, 0, 0, 0, 1, 0, 0, 0, 1, 5.69458, 0, 5.3897)

[node name="tree-small2" parent="." instance=ExtResource("14_1c8nx")]
transform = Transform3D(1, 0, 0, 0, 1, 0, 0, 0, 1, 2.78794, 0, -7.54768)

[node name="tree-small7" parent="." instance=ExtResource("14_1c8nx")]
transform = Transform3D(1, 0, 0, 0, 1, 0, 0, 0, 1, 5.74642, 0, -6.90562)

[node name="tree-small8" parent="." instance=ExtResource("14_1c8nx")]
transform = Transform3D(1, 0, 0, 0, 1, 0, 0, 0, 1, 6.14762, 0, -7.50848)

[node name="tree-small5" parent="." instance=ExtResource("14_1c8nx")]
transform = Transform3D(1, 0, 0, 0, 0.842743, 0, 0, 0, 1, -1.15692, 0, -4.05254)

[node name="tree-small3" parent="." instance=ExtResource("14_1c8nx")]
transform = Transform3D(1, 0, 0, 0, 1, 0, 0, 0, 1, 5.50827, 0, 2.96769)

[node name="tree-small6" parent="." instance=ExtResource("14_1c8nx")]
transform = Transform3D(1, 0, 0, 0, 1, 0, 0, 0, 1, 6.51396, 2.38419e-07, -2.46455)

[node name="tree-small4" parent="." instance=ExtResource("14_1c8nx")]
transform = Transform3D(1, 0, 0, 0, 1, 0, 0, 0, 1, 4.96865, 0, 3.59467)

[node name="tree-trunk2" parent="." instance=ExtResource("15_ab7ru")]
transform = Transform3D(1, 0, 0, 0, 1, 0, 0, 0, 1, 6.61169, 0, -5.46735)

[node name="tree-trunk3" parent="." instance=ExtResource("15_ab7ru")]
transform = Transform3D(1, 0, 0, 0, 1, 0, 0, 0, 1, 3.04671, 4.76837e-07, 1.20223)

[node name="tree-trunk4" parent="." instance=ExtResource("15_ab7ru")]
transform = Transform3D(1, 0, 0, 0, 1, 0, 0, 0, 1, -1.16996, 9.53674e-07, 6.24413)

[node name="tree-trunk5" parent="." instance=ExtResource("15_ab7ru")]
transform = Transform3D(1, 0, 0, 0, 1, 0, 0, 0, 1, 7.15828, 9.53674e-07, 2.94596)

[node name="tree-trunk6" parent="." instance=ExtResource("15_ab7ru")]
transform = Transform3D(1, 0, 0, 0, 1, 0, 0, 0, 1, 3.99677, 9.53674e-07, 1.1459)

[node name="tree-trunk7" parent="." instance=ExtResource("15_ab7ru")]
transform = Transform3D(1, 0, 0, 0, 1, 0, 0, 0, 1, 3.47628, 9.53674e-07, -4.41154)

[node name="wall2" parent="." instance=ExtResource("17_53mua")]
transform = Transform3D(1, 0, 0, 0, 1, 0, 0, 0, 1, -7.18667, 0.116931, -0.794329)

[node name="wall10" parent="." instance=ExtResource("17_53mua")]
transform = Transform3D(1, 0, 0, 0, 1, 0, 0, 0, 1, -7.18667, 0.116931, -2.77533)

[node name="wall11" parent="." instance=ExtResource("17_53mua")]
transform = Transform3D(0.707107, 0, -0.707107, 0, 1, 0, 0.707107, 0, 0.707107, -6.78647, 0.116931, -4.34176)

[node name="wall12" parent="." instance=ExtResource("17_53mua")]
transform = Transform3D(0.707107, 0, -0.707107, 0, 1, 0, 0.707107, 0, 0.707107, -6.08149, 0.116931, -5.03175)

[node name="wall13" parent="." instance=ExtResource("17_53mua")]
transform = Transform3D(0.707107, 0, -0.707107, 0, 1, 0, 0.707107, 0, 0.707107, -5.38015, 0.116931, -5.7158)

[node name="wall14" parent="." instance=ExtResource("17_53mua")]
transform = Transform3D(0, 0, -1, 0, 1, 0, 1, 0, 0, -3.10035, 0.116931, -6.56273)

[node name="wall15" parent="." instance=ExtResource("17_53mua")]
transform = Transform3D(0.822759, 0, -0.568389, 0, 1, 0, 0.568389, 0, 0.822759, -1.76883, 0.116931, -7.97734)

[node name="wall16" parent="." instance=ExtResource("17_53mua")]
transform = Transform3D(0.822759, 0, -0.568389, 0, 1, 0, 0.568389, 0, 0.822759, -1.48052, 0.116931, -8.39468)

[node name="wall17" parent="." instance=ExtResource("17_53mua")]
transform = Transform3D(0.822759, 0, -0.568389, 0, 1, 0, 0.568389, 0, 0.822759, -0.911257, 0.116931, -9.18842)

[node name="wall9" parent="." instance=ExtResource("17_53mua")]
transform = Transform3D(1, 0, 0, 0, 1, 0, 0, 0, 1, -7.18667, 0.116931, -0.0459347)

[node name="wall3" parent="." instance=ExtResource("17_53mua")]
transform = Transform3D(0.707107, 0, 0.707107, 0, 1, 0, -0.707107, 0, 0.707107, -6.01885, 0.116931, 3.41378)

[node name="wall8" parent="." instance=ExtResource("17_53mua")]
transform = Transform3D(0.707107, 0, 0.707107, 0, 1, 0, -0.707107, 0, 0.707107, -6.71721, 0.116931, 2.71551)

[node name="wall4" parent="." instance=ExtResource("17_53mua")]
transform = Transform3D(1, 0, 0, 0, 1, 0, 0, 0, 1, -5.44116, 0.127825, 5.57103)

[node name="wall5" parent="." instance=ExtResource("17_53mua")]
transform = Transform3D(1, 0, 0, 0, 1, 0, 0, 0, 1, -5.44116, 0.127825, 6.55969)

[node name="wall6" parent="." instance=ExtResource("17_53mua")]
transform = Transform3D(1, 0, 0, 0, 1, 0, 0, 0, 1, -5.44116, 0.127825, 9.53533)

[node name="wall7" parent="." instance=ExtResource("17_53mua")]
transform = Transform3D(1, 0, 0, 0, 1, 0, 0, 0, 1, -5.44116, 0.127825, 10.2512)

[node name="wall-pillar2" parent="." instance=ExtResource("18_vacco")]
transform = Transform3D(1, 0, 0, 0, 1, 0, 0, 0, 1, -7.18375, 0.133709, -1.77364)

[node name="wall-pillar6" parent="." instance=ExtResource("18_vacco")]
transform = Transform3D(0.82276, 0, -0.56839, 0, 1, 0, 0.56839, 0, 0.82276, -2.31508, 0.133708, -7.17936)

[node name="wall-pillar7" parent="." instance=ExtResource("18_vacco")]
transform = Transform3D(-4.37114e-08, 0, -1, 0, 1, 0, 1, 0, -4.37114e-08, -4.06845, 0.121882, -6.55606)

[node name="wall-doorway2" parent="." instance=ExtResource("19_nxi7a")]
transform = Transform3D(1, 0, 0, 0, 1, 0, 0, 0, 1, -6.57783, 0.149094, 0.824089)

[node name="routes" type="Node3D" parent="."]
transform = Transform3D(0.0586966, 0, -0.998276, 0, 1, 0, 0.998276, 0, 0.0586966, 8.6855, 0.13977, -0.6523)

[node name="CSGBox3D2" type="CSGBox3D" parent="routes"]
size = Vector3(0.703613, 0.001, 3.8988)
material = SubResource("StandardMaterial3D_fpct5")

[node name="CSGBox3D16" type="CSGBox3D" parent="routes"]
transform = Transform3D(1, 0, 0, 0, 1, 0, 0, 0, 1, -3.37466, 0, -0.198422)
size = Vector3(0.703613, 0.001, 3.8988)
material = SubResource("StandardMaterial3D_fpct5")

[node name="CSGBox3D20" type="CSGBox3D" parent="routes"]
transform = Transform3D(1, 0, 0, 0, 1, 0, 0, 0, 1, -3.35193, 0, 2.52622)
size = Vector3(0.703613, 0.001, 1.84784)
material = SubResource("StandardMaterial3D_fpct5")

[node name="CSGBox3D21" type="CSGBox3D" parent="routes"]
transform = Transform3D(1, 0, 0, 0, 1, 0, 0, 0, 1, -3.35608, 0, 4.25595)
size = Vector3(0.703613, 0.001, 1.84784)
material = SubResource("StandardMaterial3D_fpct5")

[node name="CSGBox3D22" type="CSGBox3D" parent="routes"]
transform = Transform3D(0.0527019, 0, 0.99861, 0, 1, 0, -0.99861, 0, 0.0527019, -2.79656, 0, 5.31727)
size = Vector3(0.703613, 0.001, 1.84784)
material = SubResource("StandardMaterial3D_fpct5")

[node name="CSGBox3D23" type="CSGBox3D" parent="routes"]
transform = Transform3D(0.999824, 0, -0.0188821, 0, 1, 0, 0.0188821, 0, 0.999824, -2.24248, -2.38419e-07, 6.43527)
size = Vector3(0.703613, 0.001, 2.83115)
material = SubResource("StandardMaterial3D_fpct5")

[node name="CSGBox3D27" type="CSGBox3D" parent="routes"]
transform = Transform3D(0.999824, 0, -0.0188821, 0, 1, 0, 0.0188821, 0, 0.999824, -2.26439, -2.38419e-07, 8.67199)
size = Vector3(0.703613, 0.001, 1.64214)
material = SubResource("StandardMaterial3D_fpct5")

[node name="CSGBox3D28" type="CSGBox3D" parent="routes"]
transform = Transform3D(0.69838, 0, -0.71573, 0, 1, 0, 0.71573, 0, 0.69838, -2.94694, -2.38419e-07, 9.99975)
size = Vector3(0.703613, 0.001, 2.14577)
material = SubResource("StandardMaterial3D_fpct5")

[node name="CSGBox3D29" type="CSGBox3D" parent="routes"]
transform = Transform3D(0.998928, 0, 0.0463231, 0, 1, 0, -0.0463231, 0, 0.998928, -3.595, 0.0047791, 11.3537)
size = Vector3(0.703613, 0.001, 1.74366)
material = SubResource("StandardMaterial3D_fpct5")

[node name="CSGBox3D30" type="CSGBox3D" parent="routes"]
transform = Transform3D(0.590593, 0, 0.806972, 0, 1, 0, -0.806972, 0, 0.590593, -1.58297, -2.38419e-07, 12.9684)
size = Vector3(0.703613, 0.001, 5.18416)
material = SubResource("StandardMaterial3D_fpct5")

[node name="CSGBox3D17" type="CSGBox3D" parent="routes"]
transform = Transform3D(1, 0, 0, 0, 1, 0, 0, 0, 1, -7.23197, 0, -0.483372)
size = Vector3(0.703613, 0.001, 3.7825)
material = SubResource("StandardMaterial3D_fpct5")

[node name="CSGBox3D18" type="CSGBox3D" parent="routes"]
transform = Transform3D(0.551515, 0, 0.834165, 0, 1, 0, -0.834165, 0, 0.551515, -6.22636, 0, 1.8022)
size = Vector3(0.703613, 0.001, 2.81136)
material = SubResource("StandardMaterial3D_fpct5")

[node name="CSGBox3D19" type="CSGBox3D" parent="routes"]
transform = Transform3D(0.115665, 0, 0.993288, 0, 1, 0, -0.993288, 0, 0.115665, -3.97074, -0.00323462, 2.62398)
size = Vector3(0.703613, 0.001, 2.49643)
material = SubResource("StandardMaterial3D_fpct5")

[node name="CSGBox3D3" type="CSGBox3D" parent="routes"]
transform = Transform3D(0.819002, 0, 0.573791, 0, 1, 0, -0.573791, 0, 0.819002, 0.438803, 0.00284505, 2.49266)
size = Vector3(0.703613, 0.001, 1.84088)
material = SubResource("StandardMaterial3D_fpct5")

[node name="CSGBox3D4" type="CSGBox3D" parent="routes"]
transform = Transform3D(1, 0, -0.000924908, 0, 1, 0, 0.000924908, 0, 1, 0.882251, 0.00284481, 3.94253)
size = Vector3(0.703613, 0.001, 1.84088)
material = SubResource("StandardMaterial3D_fpct5")

[node name="CSGBox3D15" type="CSGBox3D" parent="routes"]
transform = Transform3D(0.997301, 0, -0.0734296, 0, 1, 0, 0.0734296, 0, 0.997301, 0.817364, 0.00284481, 5.75057)
size = Vector3(0.703613, 0.001, 1.84088)
material = SubResource("StandardMaterial3D_fpct5")

[node name="CSGBox3D31" type="CSGBox3D" parent="routes"]
transform = Transform3D(0.997301, 0, -0.0734296, 0, 1, 0, 0.0734296, 0, 0.997301, 0.680039, 0.00284493, 7.57013)
size = Vector3(0.703613, 0.001, 1.84088)
material = SubResource("StandardMaterial3D_fpct5")

[node name="CSGBox3D32" type="CSGBox3D" parent="routes"]
transform = Transform3D(0.997301, 0, -0.0734296, 0, 1, 0, 0.0734296, 0, 0.997301, 0.557011, 0.00284445, 9.31612)
size = Vector3(0.703613, 0.001, 1.84088)
material = SubResource("StandardMaterial3D_fpct5")

[node name="CSGBox3D33" type="CSGBox3D" parent="routes"]
transform = Transform3D(0.868774, 0, -0.495217, 0, 1, 0, 0.495217, 0, 0.868774, -0.298814, 0.00284541, 11.5004)
size = Vector3(0.703613, 0.001, 3.35879)
material = SubResource("StandardMaterial3D_fpct5")

[node name="CSGBox3D5" type="CSGBox3D" parent="routes"]
transform = Transform3D(0.0511332, 0, 0.998693, 0, 1, 0, -0.998693, 0, 0.0511332, 3.84692, 0.00284481, 2.60237)
size = Vector3(0.703613, 0.001, 1.84088)
material = SubResource("StandardMaterial3D_fpct5")

[node name="CSGBox3D8" type="CSGBox3D" parent="routes"]
transform = Transform3D(-0.239263, 0, 0.970956, 0, 1, 0, -0.970956, 0, -0.239263, 5.37586, 0.00284481, 2.44724)
size = Vector3(0.703613, 0.001, 1.84088)
material = SubResource("StandardMaterial3D_fpct5")

[node name="CSGBox3D9" type="CSGBox3D" parent="routes"]
transform = Transform3D(0.992462, 0, -0.122562, 0, 1, 0, 0.122562, 0, 0.992462, 8.10358, 0.00284433, 4.20825)
size = Vector3(0.703613, 0.001, 1.84088)
material = SubResource("StandardMaterial3D_fpct5")

[node name="CSGBox3D13" type="CSGBox3D" parent="routes"]
transform = Transform3D(0.992462, 0, -0.122562, 0, 1, 0, 0.122562, 0, 0.992462, 7.89388, 0.00284433, 5.94441)
size = Vector3(0.703613, 0.001, 1.84088)
material = SubResource("StandardMaterial3D_fpct5")

[node name="CSGBox3D14" type="CSGBox3D" parent="routes"]
transform = Transform3D(0.316544, 0, -0.948579, 0, 1, 0, 0.948579, 0, 0.316544, 7.15355, 0.00284433, 6.84626)
size = Vector3(0.703613, 0.001, 1.84088)
material = SubResource("StandardMaterial3D_fpct5")

[node name="CSGBox3D24" type="CSGBox3D" parent="routes"]
transform = Transform3D(0.316544, 0, -0.948579, 0, 1, 0, 0.948579, 0, 0.316544, 5.39616, 0.00284433, 7.44512)
size = Vector3(0.703613, 0.001, 1.84088)
material = SubResource("StandardMaterial3D_fpct5")

[node name="CSGBox3D25" type="CSGBox3D" parent="routes"]
transform = Transform3D(-0.0646713, 0, -0.997908, 0, 1, 0, 0.997908, 0, -0.0646713, 3.74147, 0.00284433, 7.65027)
size = Vector3(0.703613, 0.001, 1.84088)
material = SubResource("StandardMaterial3D_fpct5")

[node name="CSGBox3D34" type="CSGBox3D" parent="routes"]
transform = Transform3D(-0.0646716, 0, -0.997908, 0, 1, 0, 0.997908, 0, -0.0646716, 8.74677, 0.00703835, 11.8053)
size = Vector3(0.703613, 0.001, 3.0679)
material = SubResource("StandardMaterial3D_fpct5")

[node name="CSGBox3D38" type="CSGBox3D" parent="routes"]
transform = Transform3D(-0.922884, 0, -0.385087, 0, 1, 0, 0.385087, 0, -0.922884, 6.73865, 0.00284433, 9.62841)
size = Vector3(0.703613, 0.001, 4.34903)
material = SubResource("StandardMaterial3D_fpct5")

[node name="CSGBox3D26" type="CSGBox3D" parent="routes"]
transform = Transform3D(0.994992, 0, -0.099962, 0, 1, 0, 0.099962, 0, 0.994992, 3.11659, 0.00284433, 8.2206)
size = Vector3(0.703613, 0.001, 1.84088)
material = SubResource("StandardMaterial3D_fpct5")

[node name="CSGBox3D35" type="CSGBox3D" parent="routes"]
transform = Transform3D(0.994992, 0, -0.099962, 0, 1, 0, 0.099962, 0, 0.994992, 3.00385, 0.00284433, 10.138)
size = Vector3(0.703613, 0.001, 1.84088)
material = SubResource("StandardMaterial3D_fpct5")

[node name="CSGBox3D36" type="CSGBox3D" parent="routes"]
transform = Transform3D(0.994993, 0, -0.099962, 0, 1, 0, 0.099962, 0, 0.994993, 2.86492, 0.00284433, 11.9671)
size = Vector3(0.703613, 0.001, 1.84088)
material = SubResource("StandardMaterial3D_fpct5")

[node name="CSGBox3D37" type="CSGBox3D" parent="routes"]
transform = Transform3D(0.590367, 0, -0.807136, 0, 1, 0, 0.807136, 0, 0.590367, 1.81315, 0.00284553, 13.4465)
size = Vector3(0.703613, 0.001, 2.73538)
material = SubResource("StandardMaterial3D_fpct5")

[node name="CSGBox3D39" type="CSGBox3D" parent="routes"]
transform = Transform3D(0.998707, 0, -0.050854, 0, 1, 0, 0.050854, 0, 0.998707, 0.627629, 0.00284529, 14.81)
size = Vector3(0.703613, 0.001, 2.30018)
material = SubResource("StandardMaterial3D_fpct5")

[node name="CSGBox3D10" type="CSGBox3D" parent="routes"]
transform = Transform3D(0.992462, 0, -0.122562, 0, 1, 0, 0.122562, 0, 0.992462, 8.3366, 0.00284433, 2.3818)
size = Vector3(0.703613, 0.001, 1.84088)
material = SubResource("StandardMaterial3D_fpct5")

[node name="CSGBox3D11" type="CSGBox3D" parent="routes"]
transform = Transform3D(0.0549703, 0.00325524, 0.998484, -0.00193597, 0.999993, -0.00315359, -0.998487, -0.00175969, 0.0549762, 6.90806, 0.00284433, 2.3526)
size = Vector3(0.703613, 0.001, 2.46646)
material = SubResource("StandardMaterial3D_fpct5")

[node name="CSGBox3D12" type="CSGBox3D" parent="routes"]
transform = Transform3D(0.999312, 0.00181775, -0.037071, -0.00193597, 0.999993, -0.00315359, 0.037065, 0.00322317, 0.999309, 8.52917, 0.00349642, 0.0552988)
size = Vector3(0.703613, 0.001, 2.87971)
material = SubResource("StandardMaterial3D_fpct5")

[node name="CSGBox3D6" type="CSGBox3D" parent="routes"]
transform = Transform3D(0.930795, 0, 0.365543, 0, 1, 0, -0.365543, 0, 0.930795, 2.88534, 0.00284481, 1.92842)
size = Vector3(0.703613, 0.001, 1.84088)
material = SubResource("StandardMaterial3D_fpct5")

[node name="CSGBox3D7" type="CSGBox3D" parent="routes"]
transform = Transform3D(0.999817, 0, -0.0191975, 0, 1, 0, 0.0191975, 0, 0.999817, 2.62094, 0.00284481, -0.243648)
size = Vector3(0.703613, 0.001, 3.04251)
material = SubResource("StandardMaterial3D_fpct5")

[node name="tower_locations" type="Node3D" parent="."]

[node name="location_1" type="Node3D" parent="tower_locations"]
transform = Transform3D(1, 0, 0, 0, 1, 0, 0, 0, 1, 6.83606, 0.140966, 1.16382)

[node name="flag2" parent="tower_locations/location_1" instance=ExtResource("20_x0jnb")]
transform = Transform3D(1, 0, 0, 0, 1, 0, 0, 0, 1, -0.00379753, -0.0141462, -0.0167598)

[node name="CSGCylinder3D" type="CSGCylinder3D" parent="tower_locations/location_1"]
transform = Transform3D(1, 0, 0, 0, 1, 0, 0, 0, 1, -0.0296373, -0.0115088, -0.0137522)
height = 0.001

[node name="location_2" type="Node3D" parent="tower_locations"]
transform = Transform3D(1, 0, 0, 0, 1, 0, 0, 0, 1, 7.65645, 0.140966, 4.85761)

[node name="flag2" parent="tower_locations/location_2" instance=ExtResource("20_x0jnb")]
transform = Transform3D(1, 0, 0, 0, 1, 0, 0, 0, 1, -0.00379753, -0.0141462, -0.0167598)

[node name="CSGCylinder3D" type="CSGCylinder3D" parent="tower_locations/location_2"]
transform = Transform3D(1, 0, 0, 0, 1, 0, 0, 0, 1, -0.0296373, -0.0115088, -0.0137522)
height = 0.001

[node name="location_3" type="Node3D" parent="tower_locations"]
transform = Transform3D(1, 0, 0, 0, 1, 0, 0, 0, 1, 4.35854, 0.140966, 8.70254)

[node name="flag2" parent="tower_locations/location_3" instance=ExtResource("20_x0jnb")]
transform = Transform3D(1, 0, 0, 0, 1, 0, 0, 0, 1, -0.00379753, -0.0141462, -0.0167598)

[node name="CSGCylinder3D" type="CSGCylinder3D" parent="tower_locations/location_3"]
transform = Transform3D(1, 0, 0, 0, 1, 0, 0, 0, 1, -0.0296373, -0.0115088, -0.0137522)
height = 0.001

[node name="location_4" type="Node3D" parent="tower_locations"]
transform = Transform3D(1, 0, 0, 0, 1, 0, 0, 0, 1, 1.23636, 0.140965, 1.65483)

[node name="flag2" parent="tower_locations/location_4" instance=ExtResource("20_x0jnb")]
transform = Transform3D(1, 0, 0, 0, 1, 0, 0, 0, 1, -0.00379753, -0.0141462, -0.0167598)

[node name="CSGCylinder3D" type="CSGCylinder3D" parent="tower_locations/location_4"]
transform = Transform3D(1, 0, 0, 0, 1, 0, 0, 0, 1, -0.0296373, -0.0115088, -0.0137522)
height = 0.001

[node name="location_5" type="Node3D" parent="tower_locations"]
transform = Transform3D(1, 0, 0, 0, 1, 0, 0, 0, 1, 0.0995035, 0.140965, 4.646)

[node name="flag2" parent="tower_locations/location_5" instance=ExtResource("20_x0jnb")]
transform = Transform3D(1, 0, 0, 0, 1, 0, 0, 0, 1, -0.00379753, -0.0141462, -0.0167598)

[node name="CSGCylinder3D" type="CSGCylinder3D" parent="tower_locations/location_5"]
transform = Transform3D(1, 0, 0, 0, 1, 0, 0, 0, 1, -0.0296373, -0.0115088, -0.0137522)
height = 0.001

[node name="location_6" type="Node3D" parent="tower_locations"]
transform = Transform3D(1, 0, 0, 0, 1, 0, 0, 0, 1, 4.37765, 0.140965, -2.30045)

[node name="flag2" parent="tower_locations/location_6" instance=ExtResource("20_x0jnb")]
transform = Transform3D(1, 0, 0, 0, 1, 0, 0, 0, 1, -0.00379753, -0.0141462, -0.0167598)

[node name="CSGCylinder3D" type="CSGCylinder3D" parent="tower_locations/location_6"]
transform = Transform3D(1, 0, 0, 0, 1, 0, 0, 0, 1, -0.0296373, -0.0115088, -0.0137522)
height = 0.001

[node name="location_8" type="Node3D" parent="tower_locations"]
transform = Transform3D(1, 0, 0, 0, 1, 0, 0, 0, 1, 4.76198, 0.140965, -5.08913)

[node name="flag2" parent="tower_locations/location_8" instance=ExtResource("20_x0jnb")]
transform = Transform3D(1, 0, 0, 0, 1, 0, 0, 0, 1, -0.00379753, -0.0141462, -0.0167598)

[node name="CSGCylinder3D" type="CSGCylinder3D" parent="tower_locations/location_8"]
transform = Transform3D(1, 0, 0, 0, 1, 0, 0, 0, 1, -0.0296373, -0.0115088, -0.0137522)
height = 0.001

[node name="location_7" type="Node3D" parent="tower_locations"]
transform = Transform3D(1, 0, 0, 0, 1, 0, 0, 0, 1, -2.3828, 0.140965, -1.74739)

[node name="flag2" parent="tower_locations/location_7" instance=ExtResource("20_x0jnb")]
transform = Transform3D(1, 0, 0, 0, 1, 0, 0, 0, 1, -0.00379753, -0.0141462, -0.0167598)

[node name="CSGCylinder3D" type="CSGCylinder3D" parent="tower_locations/location_7"]
transform = Transform3D(1, 0, 0, 0, 1, 0, 0, 0, 1, -0.0296373, -0.0115088, -0.0137522)
height = 0.001

[node name="metal-gate6" parent="." instance=ExtResource("5_vlxiu")]
transform = Transform3D(1, 0, 0, 0, 1, 0, 0, 0, 1, 8.95748, 0.126819, 1.91656)

[node name="tower-top6" parent="." instance=ExtResource("2_bvkh7")]
transform = Transform3D(1, 0, 0, 0, 1, 0, 0, 0, 1, 9.68003, 0.128911, 1.9191)

[node name="wall-pillar3" parent="." instance=ExtResource("18_vacco")]
transform = Transform3D(1, 0, 0, 0, 1, 0, 0, 0, 1, -5.44949, 0.130437, 4.57749)

[node name="wall-pillar4" parent="." instance=ExtResource("18_vacco")]
transform = Transform3D(1, 0, 0, 0, 1, 0, 0, 0, 1, -5.44949, 0.130437, 7.55246)

[node name="wall-pillar5" parent="." instance=ExtResource("18_vacco")]
transform = Transform3D(1, 0, 0, 0, 1, 0, 0, 0, 1, -5.44949, 0.130437, 8.53887)

[node name="tower-hexagon-base2" parent="." instance=ExtResource("9_8rdjq")]
transform = Transform3D(1, 0, 0, 0, 1.37598, 0, 0, 0, 1, -5.18545, 0, 3.79793)

[node name="tower-hexagon-base3" parent="." instance=ExtResource("9_8rdjq")]
transform = Transform3D(1, 0, 0, 0, 1.37598, 0, 0, 0, 1, -6.84771, 0, -3.55151)

[node name="tower-hexagon-base4" parent="." instance=ExtResource("9_8rdjq")]
transform = Transform3D(1, 0, 0, 0, 1.37598, 0, 0, 0, 1, -4.52694, 0, -5.94611)

[node name="tower-hexagon-base5" parent="." instance=ExtResource("9_8rdjq")]
transform = Transform3D(1, 0, 0, 0, 1.37598, 0, 0, 0, 1, -2.46911, 0, -6.3082)

[node name="siege-tower-demolished2" parent="." instance=ExtResource("21_8rdjq")]
transform = Transform3D(1, 0, 0, 0, 1, 0, 0, 0, 1, -5.18277, 0.126819, -2.48894)

[node name="siege-tower-demolished3" parent="." instance=ExtResource("21_8rdjq")]
transform = Transform3D(0.707107, 0, -0.707107, 0, 1, 0, 0.707107, 0, 0.707107, -0.327054, 0.126819, -7.0511)

[node name="siege-ballista-demolished2" parent="." instance=ExtResource("22_4mdkb")]
transform = Transform3D(1, 0, 0, 0, 1, 0, 0, 0, 1, -3.0856, 0.126819, 1.26986)

[node name="siege-catapult-demolished2" parent="." instance=ExtResource("23_d5q3b")]
transform = Transform3D(1, 0, 0, 0, 1, 0, 0, 0, 1, 1.5894, 0.126819, -1.09639)

[node name="siege-ram2" parent="." instance=ExtResource("24_x3au4")]
transform = Transform3D(-0.545207, 0, 7.31653e-08, 0, 0.603831, 0, -6.49937e-08, 0, -0.613755, -5.95934, 0.126819, 0.761842)

[node name="siege-ram-demolished2" parent="." instance=ExtResource("25_nvywk")]
transform = Transform3D(0.776915, 0, 0, 0, 0.854062, 0, 0, 0, 0.737365, -3.62731, 0.107899, 5.76766)

[node name="tower-square2" parent="." instance=ExtResource("26_1c8nx")]
transform = Transform3D(1, 0, 0, 0, 1, 0, 0, 0, 1, -8.73949, 0, -8.90945)

[node name="tower-square3" parent="." instance=ExtResource("26_1c8nx")]
transform = Transform3D(1, 0, 0, 0, 1, 0, 0, 0, 1, -6.5237, 0, -7.42352)

[node name="tower-square4" parent="." instance=ExtResource("26_1c8nx")]
